+1 (203) 402-8980
+1 (203) 602-0011
+1 (203) 861-3000
+1 (203) 861-3000
+1 (212) 521-3700
+1 (212) 705-0150
+1 (212) 848-2000
+1 (212) 863-4848
+1 (216) 514-1840
+1 (303) 606-3600
+1 (305) 808-9820
+1 (310) 492-4068
+1 (310) 575-9798
+1 (310) 979-0924
+1 (312) 423-2650
+1 (312) 782-7400
+1 (314) 727-2112
+1 (317) 818-5030
+1 (403) 225-1144
+1 (415) 616-9800
+1 (415) 813-5530
+1 (416) 585-7850
+1 (416) 585-7850
+1 (416) 585-7850
+1 (416) 864-2761
+1 (512) 813-4900
+1 (561) 750-2000
+1 (604) 688-9495
+1 (615) 369-8400
+1 (617) 482-6200
+1 (646) 971-3230
+1 (650) 289-4455
+1 (704) 371-3091
+1 (713) 559-7400
+1 (770) 818-0335
+1 (801) 308-0440
+1 (858) 724-0581
+1 (907) 433-6600
+225 20 310731
+31 (0)20 740 0724
+33 (0)1 55 37 70 90
+33 (0)1 55 37 70 90
+352 02 46 16 00 0
+39 02 8706 11
+39 02 8818 61
+39 04 2255 9111
+420 271 740 207
+44 (0)12 1312 4660
+44 (0)14 8173 6947
+44 (0)20 7318 1100
+44 (0)20 7451 0700
+44 (0)20 7489 9848
+44 (0)20 7489 9848
+44 (0)20 7710 0500
+47 22 04 80 00
+49 (0)30 3465 5840 0
+49 (0)40 3615 700
+49 (0)69 2731 5660
+49 (0)89 2388 680
+55 11 4550 4800
+55 11 4550 4800
+61 (0)2 9037 1882
+65 6805 2170
+7 (8)495 644 3414
+7 (8)495 745 5757
+81 (0)33 201 8603
+84 (0)2 43772488
+84 (0)2 43772488
+86 (0)21 2308 7888
NULL
NULL
NULL
NULL
NULL
NULL
NULL
NULL
NULL
NULL
NULL
NULL
NULL
NULL
NULL
NULL
NULL
NULL
NULL
NULL
NULL
NULL
NULL
NULL
NULL
NULL
NULL
NULL
NULL
NULL
NULL
