25
81
89
126
129
131
131
173
190
215
366
366
367
419
419
419
445
577
622
645
711
940
1252
1360
1454
1590
1628
1732
1864
1944
2129
2175
2204
2217
2284
2447
2516
2551
3599
4639
4844
5755
5905
6817
6817
7524
8066
8576
8636
8678
8794
9160
9493
9497
9892
10615
11819
13051
14457
15275
15554
20804
22930
25430
51192
51192
54293
54293
62096
62634
63410
66152
66257
66589
70786
71012
75863
77186
82397
99012
100681
108330
109234
121078
147874
150603
153683
153683
153905
161717
171073
171073
171073
179998
190307
212802
221266
