254
375
377
386
387
388
532
590
976
980
1090
1092
1167
1458
1571
1613
1758
1816
2311
2355
2494
2894
3142
3245
3492
3511
3902
4025
4336
4530
4573
4655
5604
5677
6454
6509
6572
6773
7180
7293
7721
7915
8906
10768
11733
12767
12923
13520
13735
13775
14898
18388
20817
23972
25261
25275
26792
26966
31724
35175
37254
38099
39140
39253
48210
50212
52019
53403
53716
54012
55433
57774
60737
66797
66935
69938
70019
73736
76020
76573
80344
83470
84717
84720
85096
85865
87056
89661
92831
94266
96940
99052
100654
102940
107962
112706
113255
