+1 202 735 5576
+1 203 602 2206
+1 203 861 3050
+1 203 861 3050
+1 212 319 5771
+1 212 486 0660
+1 212 521 3799
+1 212 705 0199
+1 212 888 1459
+1 214 720 7888
+1 214 720 7888
+1 216 514 1850
+1 305 379 2013
+1 305 379 2013
+1 305 808 9821
+1 312 782 7410
+1 312 945 5701
+1 314 446 3310
+1 317 644 2914
+1 403 225 3547
+1 415 434 1434
+1 415 869 5201
+1 512 322 3101
+1 561 394 0540
+1 561 727 2100
+1 561 750 2001
+1 604 408 8892
+1 604 687 2145
+1 610 995 9680
+1 617 753 1101
+1 617 753 1101
+1 617 753 1101
+1 704 333 0185
+1 713 559 7499
+1 770 818 9537
+1 801 942 1636
+1 847 604 6105
+1 858 345 3761
+1 907 433 6650
+1 973 971 9963
+230 489 3855
+31 (0)8 8220 2601
+33 (0)1 5537 9555
+33 (0)1 5537 9555
+33 (0)1 5664 1719
+34 (0)914 313812
+39 0230 300 303
+39 0287 061 299
+39 0422 580 000
+41 (0)41 784 60 01
+420 271 740 208
+44 (0)20 7248 5483
+44 (0)20 7248 5483
+44 (0)20 7451 0701
+44 (0)20 7761 2020
+47 22 04 80 01
+49 (0)40 3615 707 0
+49 (0)89 2388 682 99
+49 69 7191 617 1
+65 6536 8129
+7 495 644 3413
+7 495 967 1308
+7 495 981 2921
+81 (0)3 3201 8686
+84 (0)2 8382 7316 2
+84 (0)2 8382 7316 2
NULL
NULL
NULL
NULL
NULL
NULL
NULL
NULL
NULL
NULL
NULL
NULL
NULL
NULL
NULL
NULL
NULL
NULL
NULL
NULL
NULL
NULL
NULL
NULL
NULL
NULL
NULL
NULL
NULL
NULL
NULL
