+1 202 280 6200
+1 203 602 0011
+1 203 861 3000
+1 203 861 3000
+1 212 404 6800
+1 212 521 3700
+1 212 644 5900
+1 212 705 0150
+1 212 848 2000
+1 212 850 1864
+1 212 863 4848
+1 214 740 7300
+1 214 740 7300
+1 216 514 1840
+1 248 554 4900
+1 303 872 6950
+1 305 379 2322
+1 305 379 2322
+1 305 778 3132
+1 305 808 9820
+1 312 423 2650
+1 312 447 6050
+1 312 782 7400
+1 312 945 5700
+1 314 727 2112
+1 317 818 5030
+1 403 225 1144
+1 415 434 6000
+1 415 869 5200
+1 416 585 7850
+1 416 585 7850
+1 416 585 7850
+1 512 322 3100
+1 561 394 0550
+1 561 727 2000
+1 561 750 2000
+1 604 631 8088
+1 604 688 9495
+1 610 995 9660
+1 617 753 1100
+1 617 753 1100
+1 617 753 1100
+1 617 960 4000
+1 646 884 3512
+1 650 204 1636
+1 650 289 4455
+1 704 371 3220
+1 713 559 7400
+1 770 818 0335
+1 801 308 0440
+1 847 604 6100
+1 858 724 0581
+1 907 433 6600
+1 919 821 1550
+1 973 971 9960
+1 978 369 5043
+230 460 4000
+31 (0)2 0740 0724
+31 (0)8 8220 2600
+32 3 641 16 33
+33 (0)1 5537 7090
+33 (0)1 5537 7090
+33 (0)1 5664 1700
+34 (0)917 458484
+39 0230 300 300
+39 0287 061 1
+39 0422 559 111
+41 (0)41 784 60 00
+41 (0)71 242 20 00
+420 271 740 207
+44 (0)161 832 6654
+44 (0)20 3866 8940
+44 (0)20 7024 4777
+44 (0)20 7451 0700
+44 (0)20 7489 9848
+44 (0)20 7489 9848
+44 (0)20 7761 2000
+44 (0)20 7808 9110
+44 (0)20 7979 0000
+44 (0)20 7979 0000
+47 22 04 80 00
+49 (0)40 3615 700
+49 (0)89 2388 680
+49 69 7191 617 0
+61 (0)2 9037 4144
+65 6538 3345
+65 6805 2170
+7 495 644 3414
+7 495 745 5757
+7 495 967 1307
+81 (0)3 3201 8603
+84 (0)2 8382 7316 1
+84 (0)2 8382 7316 1
NULL
NULL
NULL
NULL
